3 16656394307 302 нет
1 15608260460 298 нет
3 15668074499 290 нет
3 16687692136 288 нет
1 17998185967 288 да
2 17414842874 288 да
2 16237157864 287 нет
3 20987767123 286 нет
3 19822127385 286 нет
2 19262562890 286 нет
3 17665502900 285 нет
1 17748075815 284 нет
3 16124534537 284 нет
3 17352399082 284 нет
2 19099231200 284 нет
3 16750838092 283 да
2 18027654672 282 нет
2 14987906538 282 нет
3 16799670149 282 нет
3 15248962185 282 нет
1 15864899541 282 да
3 16936055900 282 нет
3 17817662410 281 нет
3 15647909204 281 нет
2 16485102772 281 нет
1 19047665495 281 нет
3 19451914797 281 нет
1 14238619865 280 нет
3 16591251580 280 нет
1 16750869305 280 нет
3 18840942508 280 нет
3 17929412410 280 нет
1 14554775589 280 нет
3 16566225485 279 нет
3 18966523739 279 нет
3 16492714592 279 нет
3 15856096608 279 да
3 16076374675 278 нет
3 14890622185 278 нет
1 14544789089 278 нет
1 18861394924 277 да
3 15305696663 277 нет
1 15252985577 277 да
3 17620255051 277 нет
1 16959846251 277 да
3 16863668222 276 нет
1 16574623897 275 нет
3 17204139332 275 нет
3 19394131999 275 нет
1 20408374430 275 нет
1 15337099774 275 нет
1 18373675913 275 нет
2 16020647220 275 нет
3 20139253521 274 нет
3 16896173430 274 нет
1 17479272213 274 да
1 19659881357 274 нет
1 16091562259 274 нет
1 16213132715 274 да
1 16362734169 274 нет
3 16258071568 274 нет
1 17086590291 274 да
3 17340983580 273 нет
2 15899718352 273 нет
1 18922166798 273 нет
1 20031183378 273 нет
3 17301713229 272 нет
1 16494979133 272 нет
3 13142817527 272 нет
3 17164556377 272 нет
2 19209737191 272 нет
3 15997110309 272 нет
3 17405364762 272 нет
1 15922925085 272 нет
2 18914933213 272 нет
3 19531383686 272 нет
3 16276855604 272 нет
1 16052968369 272 нет
1 16125998382 272 да
