3 17998185967 288 νες
3 16237157864 287 νες
1 19262562890 286 νες
2 16040152205 283 νες
2 15864899541 282 νες
2 16750869305 280 νες
2 16079902386 280 νες
1 15770872096 279 νες
2 16397291709 278 νες
3 20399275682 277 δΰ
2 18861394924 277 νες
2 16799673660 276 νες
2 16574623897 275 νες
2 15337099774 275 νες
1 16209522348 274 δΰ
2 17479272213 274 νες
3 16091562259 274 νες
3 19215163053 274 νες
2 16759957852 274 νες
3 17086590291 274 νες
1 16326907776 273 νες
3 15899718352 273 νες
1 16790711092 273 νες
3 16230455332 273 νες
3 18045600853 272 νες
2 15922925085 272 νες
